[
  {
    "entity": "power_socket",
    "obb": {
      "center": [
        0.2705,
        0.207,
        0.54
      ],
      "extent": [
        0.0297,
        0.018,
        0.006
      ],
      "rotation": [
        [
          -0.14780941112961063,
          0.0,
          0.9890158633619168
        ],
        [
          0.9890158633619168,
          0.0,
          0.14780941112961063
        ],
        [
          0.0,
          1.0,
          0.0
        ]
      ]
    }
  },
  {
    "entity": "ethernet_socket",
    "obb": {
      "center": [
        0.1648,
        0.128,
        0.858
      ],
      "extent": [
        0.02,
        0.0124,
        0.006
      ],
      "rotation": [
        [
          -0.038387809087519945,
          0.0,
          0.9992629164106211
        ],
        [
          0.9992629164106211,
          0.0,
          0.038387809087519945
        ],
        [
          0.0,
          1.0,
          0.0
        ]
      ]
    }
  },
  {
    "entity": "hdmi_socket_left",
    "obb": {
      "center": [
        0.248,
        0.2335,
        0.8385
      ],
      "extent": [
        0.0086,
        0.006,
        0.006
      ],
      "rotation": [
        [
          -0.13571557243430438,
          0.0,
          0.9907478404714436
        ],
        [
          0.9907478404714436,
          0.0,
          0.13571557243430438
        ],
        [
          0.0,
          1.0,
          0.0
        ]
      ]
    }
  },
  {
    "entity": "usb_socket_top_right",
    "obb": {
      "center": [
        0.181,
        0.1276,
        0.897
      ],
      "extent": [
        0.016,
        0.0073,
        0.006
      ],
      "rotation": [
        [
          -0.703394702810504,
          0.0,
          0.7107994738729924
        ],
        [
          0.7107994738729924,
          0.0,
          0.703394702810504
        ],
        [
          0.0,
          1.0,
          0.0
        ]
      ]
    }
  }
]